# Coordinates
0.0                      -9.815674E-28            
0.010050237              2.407293E-13             
0.020100474              4.776678E-13             
0.030150771              7.092628E-13             
0.04020101               9.355114E-13             
0.050251245              1.1575003E-12            
0.060301483              1.3752076E-12            
0.07035178               1.5870989E-12            
0.08040202               1.793172E-12             
0.090452254              1.993428E-12             
0.10050249               2.1878669E-12            
0.11055279               2.3764896E-12            
0.120603025              2.5592944E-12            
0.13065326               2.7362821E-12            
0.1407035                2.9074527E-12            
0.15075374               3.0728061E-12            
0.16080403               3.2323434E-12            
0.17085427               3.3860627E-12            
0.18090451               3.533965E-12             
0.1909548                3.676051E-12             
0.20100504               3.812319E-12             
0.21105528               3.94277E-12              
0.22110552               4.067404E-12             
0.23115575               4.186221E-12             
0.24120605               4.299221E-12             
0.2512563                4.4064036E-12            
0.26130652               4.5125396E-12            
0.27135682               4.613857E-12             
0.281407                 4.699201E-12             
0.2914573                4.7685514E-12            
0.30150753               4.8169285E-12            
0.31155777               4.8507834E-12            
0.32160807               4.870115E-12             
0.3316583                4.8749247E-12            
0.34170854               4.8590056E-12            
0.35175884               4.825721E-12             
0.36180902               4.775835E-12             
0.3718593                4.709346E-12             
0.38190955               4.6262564E-12            
0.3919598                4.526565E-12             
0.40201008               4.4102708E-12            
0.41206026               4.277376E-12             
0.42211056               4.127878E-12             
0.4321608                3.9617793E-12            
0.44221103               3.7790786E-12            
0.45226133               3.579775E-12             
0.46231157               3.3638706E-12            
0.4723618                3.1313645E-12            
0.4824121                2.8822552E-12            
0.49246228               2.616547E-12             
0.5025126                2.3893947E-12            
0.5125628                2.3229762E-12            
0.52261305               2.2589205E-12            
0.53266335               2.1972268E-12            
0.5427136                2.1378962E-12            
0.5527638                2.080928E-12             
0.56281406               2.0263227E-12            
0.5728643                1.9740798E-12            
0.5829146                1.9241993E-12            
0.5929648                1.8766818E-12            
0.60301507               1.8315267E-12            
0.6130653                1.7887343E-12            
0.6231156                1.7483042E-12            
0.63316584               1.710237E-12             
0.6432161                1.6745324E-12            
0.6532663                1.6411904E-12            
0.6633166                1.6102109E-12            
0.67336684               1.5839705E-12            
0.6834171                1.5610305E-12            
0.6934673                1.5401528E-12            
0.7035176                1.5213372E-12            
0.71356785               1.5045839E-12            
0.7236181                1.489893E-12             
0.7336683                1.4772642E-12            
0.74371856               1.4666975E-12            
0.75376886               1.4581932E-12            
0.7638191                1.4515795E-12            
0.77386934               1.4452178E-12            
0.7839196                1.4391012E-12            
0.79396987               1.4332296E-12            
0.8040201                1.4276033E-12            
0.81407034               1.422222E-12             
0.8241206                1.417086E-12             
0.8341709                1.4121949E-12            
0.8442211                1.4075491E-12            
0.85427135               1.4031483E-12            
0.8643216                1.3989928E-12            
0.8743719                1.3950823E-12            
0.8844221                1.391417E-12             
0.89447236               1.3879968E-12            
0.9045226                1.3848217E-12            
0.91457283               1.3818919E-12            
0.92462313               1.3792071E-12            
0.93467337               1.3767674E-12            
0.9447236                1.3745729E-12            
0.95477384               1.3726235E-12            
0.96482414               1.3709192E-12            
0.9748744                1.3694601E-12            
0.9849246                1.3682461E-12            
0.99497485               1.3672772E-12            
1.0050251                1.3670515E-12            
1.0150753                1.3676242E-12            
1.0251256                1.3685153E-12            
1.0351759                1.369725E-12             
1.0452261                1.371253E-12             
1.0552764                1.3730997E-12            
1.0653267                1.3752648E-12            
1.0753769                1.3777485E-12            
1.0854272                1.3805506E-12            
1.0954773                1.3836713E-12            
1.1055276                1.3871105E-12            
1.1155779                1.3908681E-12            
1.1256281                1.3949443E-12            
1.1356784                1.399339E-12             
1.1457286                1.4040521E-12            
1.1557789                1.4090838E-12            
1.1658292                1.414434E-12             
1.1758794                1.4201028E-12            
1.1859297                1.4260899E-12            
1.19598                  1.4323957E-12            
1.2060301                1.4390198E-12            
1.2160804                1.4459626E-12            
1.2261306                1.4532238E-12            
1.2361809                1.4608035E-12            
1.2462312                1.4651995E-12            
1.2562814                1.4709562E-12            
1.2663317                1.4790944E-12            
1.2763819                1.4896139E-12            
1.2864321                1.5025149E-12            
1.2964824                1.5177973E-12            
1.3065326                1.5354609E-12            
1.3165829                1.5555062E-12            
1.3266332                1.5779329E-12            
1.3366834                1.6034107E-12            
1.3467337                1.6329037E-12            
1.3567839                1.665218E-12             
1.3668342                1.7003544E-12            
1.3768845                1.7383126E-12            
1.3869346                1.7790921E-12            
1.3969849                1.8226937E-12            
1.4070352                1.869117E-12             
1.4170854                1.9183615E-12            
1.4271357                1.9704284E-12            
1.4371859                2.0253163E-12            
1.4472362                2.0830267E-12            
1.4572865                2.1435586E-12            
1.4673367                2.2069117E-12            
1.477387                 2.273087E-12             
1.4874371                2.3420836E-12            
1.4974874                2.4139024E-12            
1.5075377                2.6410447E-12            
1.5175879                2.9045848E-12            
1.5276382                3.1512293E-12            
1.5376885                3.3809756E-12            
1.5477387                3.593821E-12             
1.557789                 3.7897706E-12            
1.5678391                3.9688196E-12            
1.5778894                4.130973E-12             
1.5879397                4.2762274E-12            
1.5979899                4.404582E-12             
1.6080402                4.51604E-12              
1.6180905                4.6105992E-12            
1.6281407                4.6882593E-12            
1.638191                 4.7490224E-12            
1.6482412                4.792886E-12             
1.6582915                4.8198524E-12            
1.6683418                4.8299203E-12            
1.6783919                4.8230894E-12            
1.6884422                4.8021227E-12            
1.6984924                4.7703486E-12            
1.7085427                4.7245007E-12            
1.718593                 4.6645795E-12            
1.7286432                4.590586E-12             
1.7386935                4.502518E-12             
1.7487438                4.4046732E-12            
1.758794                 4.3003405E-12            
1.7688442                4.18895E-12              
1.7788944                4.070504E-12             
1.7889447                3.945E-12                
1.798995                 3.812439E-12             
1.8090452                3.6728233E-12            
1.8190955                3.526149E-12             
1.8291457                3.3724221E-12            
1.839196                 3.2159126E-12            
1.8492463                3.0541314E-12            
1.8592964                2.8870812E-12            
1.8693467                2.7147575E-12            
1.879397                 2.5371625E-12            
1.8894472                2.3542986E-12            
1.8994975                2.1661611E-12            
1.9095477                1.9727546E-12            
1.919598                 1.7740747E-12            
1.9296483                1.5701234E-12            
1.9396985                1.3609033E-12            
1.9497488                1.1464094E-12            
1.959799                 9.266442E-13             
1.9698492                7.016103E-13             
1.9798995                4.713026E-13             
1.9899497                2.3780386E-13            
2.0                      -5.3707187E-27           


# Elements (lines)
1         2         
2         3         
3         4         
4         5         
5         6         
6         7         
7         8         
8         9         
9         10        
10        11        
11        12        
12        13        
13        14        
14        15        
15        16        
16        17        
17        18        
18        19        
19        20        
20        21        
21        22        
22        23        
23        24        
24        25        
25        26        
26        27        
27        28        
28        29        
29        30        
30        31        
31        32        
32        33        
33        34        
34        35        
35        36        
36        37        
37        38        
38        39        
39        40        
40        41        
41        42        
42        43        
43        44        
44        45        
45        46        
46        47        
47        48        
48        49        
49        50        
50        51        
51        52        
52        53        
53        54        
54        55        
55        56        
56        57        
57        58        
58        59        
59        60        
60        61        
61        62        
62        63        
63        64        
64        65        
65        66        
66        67        
67        68        
68        69        
69        70        
70        71        
71        72        
72        73        
73        74        
74        75        
75        76        
76        77        
77        78        
78        79        
79        80        
80        81        
81        82        
82        83        
83        84        
84        85        
85        86        
86        87        
87        88        
88        89        
89        90        
90        91        
91        92        
92        93        
93        94        
94        95        
95        96        
96        97        
97        98        
98        99        
99        100       
100       101       
101       102       
102       103       
103       104       
104       105       
105       106       
106       107       
107       108       
108       109       
109       110       
110       111       
111       112       
112       113       
113       114       
114       115       
115       116       
116       117       
117       118       
118       119       
119       120       
120       121       
121       122       
122       123       
123       124       
124       125       
125       126       
126       127       
127       128       
128       129       
129       130       
130       131       
131       132       
132       133       
133       134       
134       135       
135       136       
136       137       
137       138       
138       139       
139       140       
140       141       
141       142       
142       143       
143       144       
144       145       
145       146       
146       147       
147       148       
148       149       
149       150       
150       151       
151       152       
152       153       
153       154       
154       155       
155       156       
156       157       
157       158       
158       159       
159       160       
160       161       
161       162       
162       163       
163       164       
164       165       
165       166       
166       167       
167       168       
168       169       
169       170       
170       171       
171       172       
172       173       
173       174       
174       175       
175       176       
176       177       
177       178       
178       179       
179       180       
180       181       
181       182       
182       183       
183       184       
184       185       
185       186       
186       187       
187       188       
188       189       
189       190       
190       191       
191       192       
192       193       
193       194       
194       195       
195       196       
196       197       
197       198       
198       199       
199       200       
